921
2034326866
738062601
1992293688
865044820
485061755
1654603362
2126265393
1641648624
891272296
289457281
2119800285
1022425385
653640700
2069826719
890726014
1712112480
970786488
0
956111298
1860609739
439936708
1817825426
684732916
1189337992
2059073263
1641886713
100301877
1870442043
1623913286
754900807
1932391278
712189791
1596780992
0
2099391034
123121035
0
146388434
1065304806
109997469
1873562087
85546590
235149496
388055713
305902059
620917650
1028679065
1325874223
0
989743937
1722817421
2055692548
1843669643
956316485
314884846
1694433736
636649335
1713961206
364214173
506072372
1324094892
1067212997
2064953198
1557716039
71114994
618913211
0
1017696883
1903404228
1749842807
1884617038
574254847
717340240
676307966
943528026
2049781795
655555387
96673541
1650631742
1003001495
493100271
905575393
1469232016
476104507
0
78688615
169531852
427561520
71861584
708853009
2019703416
252214409
1404778430
1442624098
280197230
303020879
2001728450
197169779
2001323936
2006873396
0
1581076453
342237025
1006515000
477773768
1952492529
1119875904
407429707
0
1149040813
682822788
952604167
824725946
0
0
0
1700978948
750803021
338212670
1614800360
691868400
85556406
952604146
1525966819
330668779
1735295458
1799106222
710644887
1974443503
46977041
256229637
506452563
821818974
1999946709
1861280201
1988966829
952627863
1201699289
1643335093
1391603052
619718102
1701188226
179072990
953352397
1714593079
1795848337
1603234002
1663770977
1858483475
925079981
367499334
940665765
1392773183
7242793
0
2114833756
1192309702
1232815338
492127300
936022384
240350786
967621694
582969816
1720015883
1778917604
465020690
2037230182
89777951
633256959
1866704801
1914028069
1819441425
0
695562357
1073626524
1744288263
1138936328
123995686
510135101
955581036
464143958
972154333
1264349166
1602653640
1376048728
1326285737
649917762
676683425
1308107070
1313750863
1741659294
1491937181
1814314250
1705554273
755365901
672071433
964236292
267181034
2086995121
1627871917
313743607
1962913150
1726797746
954996067
294726356
0
658680870
1295674173
1319355327
695746339
240766560
1631069123
1163560990
1103650674
2070667364
1604409087
1950000959
1536797201
1766576000
1914838905
498754326
913104525
637159110
2019081104
373105176
196835473
1361798018
82069715
627764980
1459046493
1619783252
0
2024452984
216689753
1979346098
2139667107
662424836
1546263623
2093631622
0
1579866274
616426745
1029229874
1411685635
289815292
0
206841438
1808141056
1130513992
929900814
1459227752
891460572
640922436
1047671349
723623950
1825930373
1206500943
1440349265
986901240
143381020
1894142307
1101266146
0
1460341679
1123210970
1861486489
1448135869
2141048084
560451291
925987599
1670461390
841403544
899128200
0
563866370
1198384028
1761087899
1116865757
1581823374
0
803229071
1835297921
1712733546
1959036523
269861734
1546668154
503440561
1203512352
1732321850
1650940374
515606378
0
437150388
368759093
319473918
272333863
1887469064
326693001
1237348168
1561937657
111929115
320673218
915703340
1630829327
1983966039
1718457867
1888302997
1653761273
468164603
1498101959
1543750238
1800477183
1913527696
716114761
1715256514
2039364068
371008092
1199062949
221062596
1953352327
548311343
1802958113
10746536
102285017
1742773108
0
146631942
133970111
609122479
597122417
1734781573
621926793
515043484
2051107445
1473876561
718226880
830093144
1081520753
1171846178
1664054051
1316318611
579089282
1406712278
453536919
389926632
1230410438
1051225418
1281665379
1356296876
1212415626
1826297116
946745328
1812344416
1250274238
1705450149
1740145835
0
1544012135
619137590
0
433012432
1414907225
1057709837
285224027
1548686420
881179733
1302971372
1614955968
1387136568
430443038
892394896
0
0
398519829
1637415470
71012455
1521629690
1408162267
1181606480
660629012
0
1621987933
474623804
408403944
0
643542249
1631988541
422149195
1911569412
583484111
2126517478
1698681919
1071429944
0
103927242
1461732260
1353153972
1485529637
1819920417
1966493552
130488447
2102811443
705062410
921388700
680082004
1121167677
876903478
0
1812526456
2105638099
1785646498
2129052211
927394427
2130562357
649084820
2087052720
1234114368
1440654526
2042889042
0
90602980
446931477
303304697
63952239
519826074
190783769
1485780632
1512903443
1036006827
1430054450
1540191094
1227115221
723996954
468830985
1936968818
549265683
1197589702
634460085
0
409612575
651908504
97722833
115521549
1547353435
2053817236
610737525
1832905620
1552186655
464950064
0
0
1849130345
1608320652
1867933525
906149772
2072540341
0
1419524585
1683757152
1404655417
502379972
1388284533
365024505
888450447
2122482583
1656430158
327316050
463453147
1794757756
647360199
1994402377
876658997
1623914487
831025177
451208466
829871564
1835668828
543844914
0
0
2138201050
245124369
755132709
458412819
2103839588
1247369255
1328796686
0
1028992615
1950950062
766346834
1536763849
2098185532
536826978
1423569980
1223791871
1392825848
0
1837334896
1842582292
1635613124
1102208389
1947607046
0
0
1590298161
201728122
1966566611
0
21547530
1454530454
713664575
1929367520
1591868755
1809464352
739398777
817572612
1333937626
1062717196
625074248
295804936
754822763
1858012245
794773451
1582349782
0
337262801
1790715511
0
977964678
1685761432
323174780
514955931
904246218
687057686
1266590671
0
168375302
0
1739936905
1602900708
814593194
2027793638
1587478423
14734808
695760342
0
1692865539
0
1140935181
0
1366484751
1543914346
554753113
425622701
340983987
396122787
2120701551
1975692782
801303735
184371512
1771252081
1720055386
844685996
1328199611
1224964013
345985748
727207557
1557503034
933421603
157650565
114512196
2040078892
335962973
0
1609292893
1507988631
203794097
2097437157
1718946011
16086043
1043084021
1545431014
1451570287
781317360
0
726509144
1356857443
0
1044681013
1500752092
1613093936
1960924400
1907337961
860687224
994195516
1037875334
681864207
399492510
1433798709
1943916912
1070331689
207876218
1203584875
406645308
730390674
0
153134965
1780864991
1075935577
1701145546
912450843
923184372
292892829
1754438846
1853560127
957958720
403887433
0
135627283
965002123
485881381
701671697
1762096781
1548276104
2032729953
1060153080
132736563
2086919252
412943535
1045851926
462501213
1408516722
323068473
1250378346
0
0
886784778
1666094806
620636800
165699226
600477961
1052730005
2086662025
1844395606
1531063613
707172414
767820781
2067493648
1888553243
1513010701
1319184988
897091372
2064719527
1771870628
400643647
0
1930195641
648119392
1289601187
1898532
1674113949
1806378806
1772067056
1456565194
2098720449
1192349402
1867168388
1878387572
823160725
0
938650864
2077151455
328905889
948540437
904388948
340931060
1141832143
1131942718
1226041759
706847967
1550445059
1993374226
1742316076
1727662076
1030521898
1252420398
155158320
1766426736
2036490979
164055954
1859845355
357424620
1910325378
1688122350
259388768
1556969362
1868301225
431895816
1903663628
1166528878
1269045543
1111022358
667100053
237979183
443536161
179308322
1342964348
218681123
249956053
260699678
1375524637
537429039
686361958
1382182106
1724441140
1246543102
1838913767
850184278
0
2117923063
1456654963
209835456
1299024081
1027175694
78357125
1892359185
311905319
1973623744
2034132561
193656208
401910841
580788252
2089713365
1252902748
77837359
823200583
614628406
744040986
1374442652
847350915
604328085
181205534
1751216359
1746994674
749588241
1245617354
1713338052
779902084
76950197
181850657
1738320944
167657151
2010820441
1185695002
910917804
1236502003
1137405805
1697844532
476610791
1217102591
2131112265
1050394093
32708027
0
1203618975
612097116
1417511783
2069172528
941051185
338239106
139349116
1400998710
96690722
0
1386443319
476221952
1532814377
1635001000
1750462156
1191013028
561935858
696553966
2134858351
0
1295902321
436625226
0
897242428
954098245
1310582758
607406933
2041603143
50176185
1585584066
480614268
1685092076
5593397
505450593
482244949
876266784
1118140465
1582949650
1266167076
1009085390
1598782298
1968088396
487179175
1697734975
780960534
1922970365
1171622009
2084399478
1101729079
1896387284
557997704
863254576
27340921
1045926805
713014283
1904711932
1481245778
503648782
600161285
1351656200
2141618867
946141274
61706779
354380582
1841519789
0
1730756439
1101479048
305775907
1863029282
552452283
616395204
269237317
86654566
2071944965
584718335
389083185
1916610368
923061091
1968903995
413693429
381895273
650233967
1938469626
905400603
1898117682
0
1459438820
1752617245
1612780468
18128253
1305397512
1418722683
637254754
1056482508
1388436324
1167220362
404265497
1182741879
225456384
250533081
192713522
1219067425
1910157788
887040751
1180546809
1249372999
2089434034
1670754051
742603042
198904236
0
113800458
793216102
598977687
1723299064
1246767977
96883586
126896355
1105203931
761471181
894234238
2061751605
662810392
1528248718
1289849050
775207939
2001497022
2091390109
1032088644
11286672
1082206599
0
332779618
1579699436
1334342436
1766262223
717361244
1874685391
1487937938
885710342
1013458682
874850731
892916675
1268101701
224207748
1841091567
1316837543
798857531
3066040
463856411
0
839126194
1698578225
408404552
886676562
1675571681
488238194
0
2040386227
1062442362
1559137982
462543695
1193336959
1769055449
1337445173
0
886431828
214368253
0
2075235944
1478534920
252148542
865055578
955012852
0
0
856778222
1502953144
255350359
1561084025
1247174154
706939652
1732883172
1984196135
270147649
435931216
498368490
1456209001
1535322466
1361982428
0
0
1388295134
0
459825175
1790007323
47668354
2054309193
1653415470
0
1118276292
1244957951
1457203442
1696833262
853935970
1767719220
415702115
1690974786
0
2039026735
625071320
451561411
51190506
798086403
717869196
208052162
1882215030
936461079
449174192
1265804590
0
861344315
2045110355
265487157
1384472737
921916864
1640791135
1664421443
2694242
519592641
1132845574
997903213
842993878
91954208
