872
1886177438
2059764543
447709712
801009091
380145404
783273939
334212004
805419587
2023178248
324002687
12046662
683969347
1811858176
1412365333
414545956
1260658437
1905162504
656545745
523580846
1488554293
2130855470
1971260867
1452459284
1919086205
850109030
1025079193
812625422
1081858777
754003414
1927486103
453378084
1250467499
1521250878
1212043379
503365272
586631901
518085732
1956848855
746413336
199395959
670990284
1191812459
1645519550
1257417523
1313499516
111873577
543424536
763843665
762354730
511214171
572033882
1244129485
1282082438
1240381857
1539236848
1010947693
346668266
1336786933
2138701758
786083125
1560655832
2141191251
1293984552
581853275
1022639784
514727737
1792764824
1371533541
790450018
825962857
1039298022
1284908949
695869658
1299066437
1094994180
87565633
2018720224
1268999045
602112946
2102054293
1707006988
2022245757
0
1993477107
1538626514
1165260351
1603030960
1618417785
1411083532
1436458413
833946146
484558427
580047186
1376418183
1605470372
834673463
1328554800
2070295071
1806776414
749724989
21402042
1651632339
1265725704
2074397465
1647036276
329384593
428909050
1819062077
1654718702
751961451
963744052
1025897855
1862767524
1705963265
237442562
1424972991
477583344
1204170771
835901940
0
1056372664
1182301193
762354940
287201579
2086723510
78783911
1790122924
1641531485
1369113036
2099044183
719543174
1299996077
1892002806
2112281893
258111252
1244897335
876477532
205286695
2108937794
1806932631
185739606
1851863563
1488474242
1535234707
2109930636
788678673
1492576642
2123182047
1290868310
1442699303
1223375862
674487481
1886045158
1054052005
1718317874
1214459975
1755269450
1527172093
2005683968
2084187747
366497646
2137630619
774262244
2013372887
1842742826
1809009131
1731690408
189786833
144494744
26894783
1358894584
1411317181
1938897358
580792853
1288050838
1555608791
1988887682
1465155355
2004668202
196963043
1079959828
307415679
1104087858
1343662173
683386922
1815391727
208164024
1601114083
745712712
1611470933
940024348
2115090099
2043465682
1983688285
2068386446
823272043
540809902
852109957
910145092
87410509
2120144552
430100867
591250280
5267779
1618227574
1712164029
156240014
1393872353
705788124
515769815
36587644
362239231
876573280
656142197
232944640
1001275349
821410126
311892803
815065214
1338089265
1946862628
707338791
1746622572
2061017295
350934780
1334050733
1058119558
866423459
1889489306
335846873
564629700
669378333
1034632546
716786377
1230999858
465738711
1485369642
214500533
1845304824
2006927049
2133251942
462619411
581000432
774816051
1163194318
275904521
435075188
903122891
1605052164
458424617
1285047998
930929607
448456964
2021094543
1174185196
780869503
1943581110
1919916949
346943476
1522529069
1946042020
99785073
25798794
733881601
1751759082
1643127553
1180742660
1776356159
1814857816
1966619883
1909882904
1572680129
1212729514
1085886945
1033705760
1466660269
2117691940
25990121
150483718
264330121
1056245086
1380424179
785192704
1934559429
2046608824
1011604859
1980357166
722172237
1410053730
1746807483
715842004
1542567847
531981358
705353105
1219422566
76893689
1772175646
2054934771
179430354
1305715807
920735920
286624609
1487475052
1685589465
988692252
1113755805
545407878
951630219
1053228972
728954987
2110029804
1873448685
1347228218
0
195726014
295625689
370728236
2075787195
0
1979817123
165606732
305202847
21285780
1855995237
208799384
1463277419
689094400
1460042383
0
1512671471
936744360
1926892023
52634280
406565991
0
1396630365
547699128
1338514749
79994562
688462663
1783771380
1241311245
1588493514
0
373902500
1651906585
0
1339936409
1076641344
1901390741
1972166202
1813438561
38032296
1325358659
880635578
1803741221
879582922
648754583
834472150
0
410075454
1804691113
240792622
1429198023
1378869528
1576421251
1022587256
1022515909
941048366
805445869
1801046704
2089947087
32817350
1093097591
2142520906
1111556167
279796038
1257871121
1199644412
1657145851
1121659674
1661296441
1455875950
1751823649
1462613448
557442009
812308962
2004335441
292842398
2119886887
960114932
1323280591
1134991602
164184007
2095826264
1608341363
1825375262
389489161
277383872
994566649
450705456
983607643
214231012
1726334575
296356898
1969611059
866230576
1887868407
1567516150
1019159357
2042301072
270806233
1646958988
941304395
1158022910
2125369567
1715044304
462783073
1259887820
68885307
767385684
0
1090398252
689397153
1883905184
344330119
184269188
1335026081
219118944
482293609
1957187102
16344569
2127870840
1872299549
1957819952
1052474679
2037945612
1678297081
408347602
1586056031
1794453142
1520018047
273617696
500035859
1427082012
1858207225
905668526
601713319
81463212
512563037
1997178434
1043888115
483413330
1408160223
0
30474441
1557948732
172400231
515937292
973355909
1944017228
0
664342118
1545457497
1990661386
0
702122064
405581329
1508690912
1954180499
2043156586
874388549
1619679612
227974185
0
853445543
1218987784
703103665
975315962
1068563583
1351218634
1274321455
723286644
45728533
1129022114
694746305
842037664
1773592603
506590226
912692613
1807306812
1127791353
1876909540
169281987
383182744
168651635
306997446
1525704957
2035188810
440085307
507505421
164962216
20192515
846237360
0
86902
1156745843
1964703326
0
902081378
1390206305
869604898
800762995
1920303584
538799573
571199074
1003170135
1422020780
0
283886774
1850457085
0
1051161095
975987538
1370197911
500377580
1367348779
541504308
0
2046262826
1350770619
1409513704
1423556463
371468504
1551505501
1459118264
202517143
457746696
1760827989
0
1518888965
1610435814
1139612699
143822550
0
33670730
454280741
1174627614
803876149
1487008414
459811057
268741558
1072199023
1299709888
936372525
1342719240
95965779
0
1024413419
1128087344
1113358673
1199316454
1482740131
1852400156
2054150413
0
2109449189
220332894
1816832171
0
117221583
171687946
450946771
1948880788
0
917100624
490198767
1045623606
0
462772198
0
1698797388
15545203
0
1249010601
2081960954
1800290075
0
327356401
0
850949769
834246372
63504709
1899659348
2064668445
2013942352
1266378661
1173620800
1411017065
0
218283743
282227604
0
937108472
185500017
0
1181999819
1977069172
805326733
28241790
639417029
0
1569767723
1474546404
1062712285
1135838966
121154415
1482604238
0
1253453578
444274921
103295000
1583091143
83828868
1971298507
809306690
66717751
702901060
1475036233
321378428
1055437605
1082968894
0
2146833532
1917619793
1096739864
469386377
117902742
1691695191
2131307626
1334737329
252881438
296121851
1305983906
201289729
323055576
1356087823
988821212
645367
783762694
483168035
1730341386
1134956953
1806134864
1516767355
0
1800861209
627075150
767679063
1573650244
1939989935
680422748
1149919057
393922018
0
872161200
2107219271
411397874
153281187
1893074386
1655629163
1990697608
147118937
1312707050
1443846991
0
1462381959
924429344
1153971767
1278923480
0
1663973272
311924411
0
796236385
973843766
333981889
1492559600
1904076463
612092148
979421067
1514747404
132004843
0
769301417
987805866
245300415
1293864468
1228492289
809438882
0
1335401954
812489887
1949515644
351803217
967568142
0
1708425056
417263139
373753992
112515063
1726176320
1560051381
658783724
175646543
828250680
165825561
2128820296
1209285107
137632728
1856920955
1587815360
869058801
0
628724073
1375942156
1721707717
796732214
2049795365
895847262
1251219959
2063904808
1184074757
828865102
1217317911
0
0
74448682
1368556407
974647796
1109651835
331982000
1131081707
2023533942
0
1402017850
400259995
826589712
1600023829
1945421894
2113583900
1805456753
922719192
0
0
0
385495902
869183129
0
1656876267
1647488758
1987985709
0
1538348591
1719821032
222212281
985255306
0
0
547655653
1298764560
1937299165
321857062
0
0
0
1762274570
469616489
1110065014
1846581441
96074446
662491299
0
1185374787
0
0
669246502
0
0
0
1260752852
1874800771
1910096960
1118555717
0
0
1154011034
183844215
1215757452
1565856117
166933624
1640694815
2141982958
0
0
0
2094547646
1069688843
392061422
0
1777880240
6506055
415565368
468020705
1562147698
643410785
0
0
547886186
1243053779
0
1719461919
1301175886
897258183
858090842
0
0
236698117
0
0
1108571806
645849905
1273688068
1089945043
1413337156
104149247
601450578
266256937
1700904074
1239711661
1902709836
1010675973
943566298
1548810263
301154064
580365735
1688820646
135780311
1994943884
0
409278124
0
1576919610
0
0
204170211
0
0
0
1943938951
0
759988227
968116040
1112575973
1381700848
0
0
1270160783
1306040504
1175816299
2022385176
1069297693
1227952054
0
1686618132
0
861542234
1473616719
1156784566
1440745711
0
0
0
2138933815
1610044334
690472017
1817832258
1089113521
1420315200
186705881
0
1284847649
1951621550
1327378727
1693835798
1735698957
0
1959328453
0
660457985
41050006
410361351
0
538832447
1790215390
1664013883
812252694
420439209
2102037478
0
0
217521083
600784876
1035305209
833506616
835918579
436219236
637751463
0
1741693715
341557126
525300987
0
1328055363
514648778
1911797653
116698032
746325937
1926686306
2135348015
0
0
0
0
0
602127701
0
1814349967
1844445318
0
524112582
508494353
0
0
1638472512
2118671129
959174478
96838227
368980094
54860815
519279070
993089455
0
1636963031
524977334
0
311711044
0
1479623532
0
0
1502481705
0
1554299215
1717150348
1627499985
1119774616
0
0
979487853
0
0
1824068222
0
190588554
1987600445
612762482
976040979
1593876762
1536113929
0
530493861
0
105505009
0
0
1172491864
89703225
0
0
1320300852
841852009
1315232476
2026189857
954750552
0
0
1559470129
1389075854
1259345827
